spice-1c_8192_16
[1000001]
[25966]
103864
25966
8472

fft-2c_8192_16
[3465000, 3464832]
[498663, 311273]
3239744
1124036
2469380

fft-4c_8192_16
[1734444, 1734230, 1734209, 1734225]
[309761, 332927, 290425, 288028]
4884564
1801211
3396044

fft-8c_8192_16
[869616, 869343, 869385, 869504, 869336, 869326, 869335, 869300]
[324157, 322744, 314027, 334488, 320444, 319702, 335742, 312350, 2583654]
10334616
3782687
8337932

fft-2c_16384_16
[3465000, 3464832]
[260940, 260676]
2086464
835752
1719060

fft-4c_16384_16
[1734444, 1734230, 1734209, 1734225]
[272135, 269803, 256103, 254355]
4209584
1656269
3117996

fft-2c_16384_32
[3465000, 3464832]
[241620, 175773]
3339144
619021
2572128

fft-4c_16384_32
[1734444, 1734230, 1734209, 1734225]
[189228, 170051, 183530, 170834]
5709144
1068340
3646952